1 
3 
5 
7 
9 
11 
13 
15 
17 
19 
21 
23 
25 
27 
29 
31 
33 
35 
37 
39 
41 
43 
45 
47 
49 
51 
53 
55 
57 
59 
61 
63 
65 611 0 27 46 
67 610 143 29 63 612 0 27 43 
69 611 0 29 45 
71 602 143 34 65 610 1 28 42 
73 598 144 38 65 609 0 27 42 
75 608 0 28 43 588 144 42 68 
77 606 0 29 43 582 151 48 62 
79 603 0 30 43 580 151 48 61 
81 578 152 47 62 
83 596 0 32 42 578 152 44 63 
85 595 0 32 43 
87 584 0 43 46 
89 592 0 32 44 
91 592 0 31 46 
93 592 0 28 47 
95 569 149 37 68 
97 563 150 38 67 
99 557 152 43 65 
101 585 0 31 49 552 154 46 64 
103 582 0 29 47 547 155 48 64 
105 543 156 51 63 
107 542 157 50 60 
109 539 154 47 67 
111 571 0 33 50 539 153 46 68 
113 540 154 44 67 570 1 34 49 
115 540 153 41 68 571 1 32 49 
117 570 0 30 47 537 153 40 69 
119 531 155 43 67 
121 568 0 28 37 528 156 44 70 
123 567 0 28 37 524 157 45 71 
125 566 0 27 36 
127 563 0 28 38 514 159 46 70 
129 561 0 28 39 509 160 48 68 
131 558 0 29 38 506 163 50 68 
133 553 2 31 39 504 164 49 68 
135 552 1 31 39 504 163 46 69 
137 612 81 27 66 541 1 40 40 504 164 41 68 
139 604 77 35 73 505 163 38 69 539 1 40 41 
141 600 78 37 69 505 163 36 69 539 1 39 42 
143 597 81 41 68 543 2 32 39 503 164 38 67 
145 587 79 52 74 501 164 41 67 542 2 31 38 
147 541 2 31 38 595 83 43 64 497 165 43 66 
149 588 82 48 67 541 2 31 37 487 163 46 68 
151 588 80 44 69 536 1 38 40 479 164 52 67 
153 587 79 43 70 534 2 41 39 475 165 53 67 
155 585 78 42 68 531 2 39 39 473 165 53 67 
157 584 78 41 67 528 3 41 38 470 166 54 67 
159 581 78 43 68 530 1 30 41 469 165 54 68 
161 575 81 46 63 465 167 49 64 528 1 31 40 
163 524 1 31 42 570 79 49 67 465 168 47 62 
165 525 1 30 41 466 167 42 63 561 75 52 75 
167 525 2 28 40 466 164 37 66 558 76 53 73 
169 525 2 25 38 467 166 29 65 556 80 52 69 
171 522 1 25 40 462 166 29 66 556 80 50 69 
173 522 0 25 42 557 83 47 64 455 166 37 66 
175 556 83 45 64 449 167 41 66 516 0 29 43 
177 511 1 30 42 437 166 45 68 555 83 43 62 
179 431 168 50 64 556 83 39 64 510 2 31 42 
181 426 169 52 63 559 84 32 62 509 1 32 41 
183 424 168 51 64 554 82 36 67 507 1 32 41 
185 550 82 37 68 422 169 51 64 505 1 33 41 
187 423 167 50 64 541 85 42 66 504 0 33 43 
189 425 167 43 64 536 86 44 64 503 0 32 47 
191 424 169 40 62 504 0 28 46 530 87 47 64 
193 502 0 27 43 425 164 31 71 527 88 49 63 
195 501 0 26 44 423 166 29 68 522 88 51 63 
197 501 0 24 43 410 165 41 67 521 89 49 64 
199 409 167 38 65 498 0 24 41 522 90 43 64 
201 522 88 42 64 495 0 27 41 401 167 43 65 
203 491 0 30 42 395 167 49 66 
205 523 87 31 67 386 168 52 64 485 1 33 41 
207 383 165 54 68 484 1 33 41 
209 513 85 37 70 382 164 55 70 483 1 32 41 
211 504 86 42 68 382 165 50 66 483 1 32 41 
213 381 166 46 64 483 2 30 40 495 87 48 66 
215 382 166 42 64 481 2 28 40 489 88 49 66 
217 381 165 40 68 481 0 27 41 487 88 50 66 
219 380 166 38 66 485 90 49 65 480 0 25 42 
221 376 167 40 63 477 0 26 42 482 93 51 62 
223 476 0 25 44 374 164 28 73 483 94 49 61 
225 364 166 39 67 473 0 26 43 
227 484 91 38 66 353 167 49 66 470 0 27 41 
229 488 90 29 70 347 166 53 70 466 0 31 44 
231 488 88 29 72 344 165 56 71 465 0 31 44 
233 338 168 54 66 485 91 27 69 461 0 33 43 
235 478 91 34 69 338 167 53 66 460 0 33 44 
237 341 168 47 65 469 90 40 71 460 0 31 43 
239 341 166 39 67 459 0 29 43 462 92 43 71 
241 338 166 38 67 459 0 26 43 457 92 48 71 
243 341 168 27 67 459 0 24 42 455 93 47 70 
245 457 0 24 43 337 170 26 61 453 93 48 69 
247 456 0 26 44 332 168 28 66 454 102 43 60 
249 326 169 30 65 454 102 40 61 451 0 25 44 
251 456 99 30 66 450 0 25 45 316 169 39 64 
