1 
3 
5 
7 
9 
11 
13 
15 
17 
19 
21 
23 
25 
27 
29 
31 
33 
35 
37 
39 
41 
43 
45 
47 
49 
51 
53 
55 
57 
59 
61 
63 
65 1 False 0 611 0 638 46 
67 1 False 0 612 0 638 43 2 False 0 610 143 639 206 
69 1 True 0 612 0 638 44 
71 1 True 0 611 0 637 43 3 False 0 602 143 636 208 
73 1 True 0 610 0 635 42 3 False 0 600 143 634 208 
75 1 True 0 609 0 634 42 3 True 0 592 144 628 211 
77 1 True 0 607 0 633 42 3 True 0 589 149 623 212 
79 1 True 0 605 0 631 42 3 True 0 586 151 620 212 
81 1 True 1 604 0 630 42 3 True 0 584 152 618 213 
83 1 True 0 599 0 625 42 3 True 0 581 152 617 214 
85 1 True 0 597 0 624 42 3 True 1 579 153 614 215 
87 1 True 0 592 0 621 44 3 True 2 576 155 611 216 
89 1 True 0 592 0 621 44 3 True 3 573 156 608 217 
91 1 True 0 591 0 621 45 3 True 4 571 158 605 218 
93 1 True 0 590 0 621 46 3 True 5 568 159 602 219 
95 1 True 1 588 0 619 46 3 True 0 568 149 606 217 
97 1 True 2 587 0 618 47 3 True 0 563 149 601 217 
99 1 True 3 585 0 616 47 3 True 0 560 151 598 217 
101 1 True 0 584 0 616 48 3 True 0 556 153 594 217 
103 1 True 0 581 0 612 47 3 True 0 552 154 591 218 
105 1 True 1 580 0 611 47 3 True 0 548 155 588 219 
107 1 True 2 578 0 609 48 3 True 0 546 156 586 217 
109 1 True 3 576 0 608 48 3 True 0 541 155 584 220 
111 1 True 0 571 0 604 49 3 True 0 539 153 583 220 
113 1 True 0 570 0 602 50 3 True 0 538 154 582 221 
115 1 True 0 570 0 602 50 3 True 0 537 153 581 221 
117 1 True 0 569 0 600 48 3 True 0 535 153 579 221 
119 1 True 1 567 0 598 48 3 True 0 531 154 575 222 
121 1 True 0 568 0 595 39 3 True 0 528 155 572 224 
123 1 True 0 568 0 593 37 3 True 0 524 156 569 227 
125 1 True 0 567 0 591 36 3 True 1 521 156 566 228 
127 1 True 0 564 0 590 37 3 True 0 515 158 560 228 
129 1 True 0 562 0 588 38 3 True 0 511 159 556 228 
131 1 True 0 559 0 586 37 3 True 0 508 162 553 230 
133 1 True 0 555 1 583 39 3 True 0 505 163 550 231 
135 1 True 0 553 1 581 39 3 True 0 503 163 549 232 
137 1 True 0 547 1 577 40 3 True 0 501 164 546 232 4 False 0 612 81 639 147 
139 1 True 0 543 1 574 41 3 True 0 500 163 545 232 4 False 0 607 77 636 149 
141 1 True 0 541 1 574 42 3 True 0 500 163 544 232 4 True 0 604 77 633 147 
143 1 True 0 542 1 573 41 3 True 0 499 163 542 231 4 True 0 603 80 631 148 
145 1 True 0 541 1 572 40 3 True 0 499 164 541 231 4 True 0 598 79 629 151 
147 1 True 0 540 2 571 40 3 True 0 497 164 539 231 4 True 0 600 81 629 148 
149 1 True 0 540 2 570 39 3 True 0 490 163 533 231 4 True 0 597 82 627 148 
151 1 True 0 538 1 570 40 3 True 0 484 164 528 231 4 True 0 594 80 626 149 
153 1 True 0 537 1 570 40 3 True 0 480 164 524 231 4 True 0 591 79 625 149 
155 1 True 0 534 1 567 40 3 True 0 476 165 521 232 4 True 0 589 78 623 147 
157 1 True 0 532 2 565 40 3 True 0 473 165 519 232 4 True 0 587 78 621 145 
159 1 True 0 528 1 562 41 3 True 0 471 165 518 233 4 True 0 585 77 619 145 
161 1 True 0 526 1 560 41 3 True 0 467 166 513 231 4 True 0 581 79 616 144 
163 1 True 0 522 1 557 42 3 True 0 465 167 510 230 4 True 0 577 79 613 145 
165 1 True 0 522 1 556 42 3 True 0 464 167 508 230 4 True 0 568 76 609 148 
167 1 True 0 521 1 555 42 3 True 0 461 165 506 230 4 True 0 564 76 606 148 
169 1 True 0 521 1 552 40 3 True 0 459 165 503 230 4 True 0 561 78 602 148 
171 1 True 0 519 1 550 40 3 True 0 456 165 498 231 4 True 0 559 79 601 149 
173 1 True 0 518 0 549 41 3 True 0 452 166 494 231 4 True 0 559 81 599 147 
175 1 True 0 515 0 547 42 3 True 0 448 166 490 232 4 True 0 557 82 598 147 
177 1 True 0 511 0 543 42 3 True 0 440 166 483 233 4 True 0 556 83 595 145 
179 1 True 0 509 1 541 43 3 True 0 435 167 478 232 4 True 0 555 83 594 146 
181 1 True 0 508 1 540 42 3 True 0 431 168 473 232 4 True 0 555 83 593 146 
183 1 True 0 507 1 538 42 3 True 0 427 168 470 232 4 True 0 552 82 591 148 
185 1 True 0 505 1 536 42 3 True 0 424 168 468 232 4 True 0 548 82 589 149 
187 1 True 0 503 0 536 42 3 True 0 423 167 468 231 4 True 0 543 84 583 150 
189 1 True 0 501 0 535 45 3 True 0 423 167 467 231 4 True 0 539 85 578 150 
191 1 True 0 500 0 534 45 3 True 0 421 168 465 231 4 True 0 534 86 574 150 
193 1 True 0 499 0 531 44 3 True 0 417 165 463 233 4 True 0 531 87 571 151 
195 1 True 0 498 0 529 44 3 True 0 415 165 459 233 4 True 0 527 88 568 151 
197 1 True 0 497 0 528 43 3 True 0 410 165 453 232 4 True 0 524 88 566 152 
199 1 True 0 495 0 524 41 3 True 0 407 166 449 232 4 True 0 521 89 564 153 
201 1 True 0 494 0 522 41 3 True 0 402 166 444 232 4 True 0 520 88 563 152 
203 1 True 0 491 0 520 41 3 True 0 398 166 440 232 4 True 1 518 89 560 153 
205 1 True 0 488 0 516 41 3 True 0 391 167 434 232 4 True 0 516 87 559 153 
207 1 True 0 485 0 515 41 3 True 0 387 165 432 232 4 True 1 514 87 557 154 
209 1 True 0 484 0 513 41 3 True 0 384 164 432 233 4 True 0 509 85 553 154 
211 1 True 0 483 1 513 41 3 True 0 382 164 429 231 4 True 0 504 85 548 154 
213 1 True 0 482 1 512 41 3 True 0 380 165 426 230 4 True 0 499 86 541 153 
215 1 True 0 480 1 509 41 3 True 0 379 165 424 230 4 True 0 493 87 536 153 
217 1 True 0 479 0 508 41 3 True 0 377 165 423 231 4 True 0 489 87 533 154 
219 1 True 0 477 0 507 41 3 True 0 376 165 420 232 4 True 0 487 89 531 154 
221 1 True 0 475 0 504 41 3 True 0 374 166 417 230 4 True 0 485 91 528 155 
223 1 True 0 473 0 503 43 3 True 0 367 164 412 234 4 True 0 484 93 527 155 
225 1 True 0 471 0 500 43 3 True 0 362 165 406 233 4 True 1 481 94 524 155 
227 1 True 0 469 0 497 41 3 True 0 357 166 400 233 4 True 0 480 91 524 156 
229 1 True 0 466 0 496 43 3 True 0 351 166 396 235 4 True 0 479 90 524 159 
231 1 True 0 465 0 495 43 3 True 0 347 165 394 235 4 True 0 478 89 523 159 
233 1 True 0 462 0 492 43 3 True 0 342 167 389 234 4 True 0 477 90 519 160 
235 1 True 0 461 0 491 43 3 True 0 340 167 386 233 4 True 0 474 90 516 160 
237 1 True 0 460 0 490 43 3 True 0 340 167 385 233 4 True 0 469 90 511 160 
239 1 True 0 458 0 488 43 3 True 0 337 166 383 233 4 True 0 463 91 506 162 
241 1 True 0 457 0 486 43 3 True 0 334 166 379 233 4 True 0 459 91 502 163 
243 1 True 0 456 0 485 42 3 True 0 332 167 375 234 4 True 0 456 92 499 163 
245 1 True 0 454 0 483 42 3 True 0 330 169 370 232 4 True 0 454 92 497 162 
247 1 True 0 454 0 482 43 3 True 0 326 168 366 233 4 True 0 455 99 494 162 
249 1 True 0 450 0 478 43 3 True 0 322 168 360 233 4 True 0 454 101 492 162 
251 1 True 0 448 0 476 44 3 True 0 317 169 355 233 4 True 0 451 100 490 164 
